26	23
19	26	26	26 	26	18	26	26	26	26	26	22	0	0	19	26	26	26	26	26	18	26	26	26	26	22
21	0	0	0	0	21	0	0	0	0	0	21	0	0	21	0	0	0	0	0	21	0	0	0	0	21	
21	0	0	0	0	21	0	0	0	0	0	21	0	0	21	0	0	0	0	0	21	0	0	0	0	21	
21	0	0	0	0	21	0	0	0	0	0	21	0	0	21	0	0	0	0	0	21	0	0	0	0	21	
17	26	26	26	26	16	26	26	18	26	26	24	26	26	24	26	26	18	26	26	16	26	26	26	26	20
21	0	0	0	0	21	0	0	21	0	0	0	0	0	0	0	0	21	0	0	21	0	0	0	0	21
21	0	0	0	0	21	0	0	21	0	0	0	0	0	0	0	0	21	0	0	21	0	0	0	0	21
25	26	26	26	26	20	0	0	25	26	26	22	0	0	19	26	26	28	0	0	17	26	26	26	26	28
0	0	0	0	0	21	0	0	0	0	0	5	0	0	5	0	0	0	0	0	21	0	0	0	0	0
0	0	0	0	0	21	0	0	3	10	10	8	10	10	8	10	10	6	0	0	21	0	0	0	0	0
0	0	0	0	0	17	2	2	4	3	2	2	0	0	2	2	6	1	2	2	20	0	0	0	0	0
0	0	0	0	0	17	0	0	4	1	0	0	0	0	0	0	4	1	0	0	20	0	0	0	0	0
0	0	0	0	0	17	8	8	4	9	8	8	8	8	8	8	12	1	8	8	20	0	0	0	0	0
0	0	0	0	0	21	0	0	1	10	10	10	10	10	10	10	10	4	0	0	21	0	0	0	0	0
0	0	0	0	0	21	0	0	5	0	0	0	0	0	0	0	0	5	0	0	21	0	0	0	0	0
0	0	0	0	0	21	0	0	5	0	0	0	0	0	0	0	0	5	0	0	21	0	0	0	0	0
19	26	26	26	26	16	26	26	24	26	26	22	0	0	19	26	26	24	26	26	16	26	26	26	26	22		
21	0	0	0	0	21	0	0	0	0	0	21	0	0	21	0	0	0	0	0	21	0	0	0	0	21
25	26	22	0	0	17	26	26	18	26	26	24	26	26	24	26	26	18	26	26	20	0	0	19	26	28
0	0	21	0	0	21	0	0	21	0	0	0	0	0	0	0	0	21	0	0	21	0	0	21	0	0
19	26	24	26	26	28	0	0	25	26	26	22	0	0	19	26	26	28	0	0	25	26	26	24	26	22
21	0	0	0	0	0	0	0	0	0	0	21	0	0	21	0	0	0	0	0	0	0	0	0	0	21
25	26	26	26	26	26	26	26	26	26	26	24	26	26	24	26	26	26	26	26	26	26	26	26	26	28		